P0
0,0
0,1
0,2
1,0
1,1
1,2

P0
0,0
0,1
1,0
1,1
2,0
2,1

P1
0,0
0,1
0,2
1,0
1,2

P1
0,0
0,1
1,0
2,0
2,1

P1
0,0
0,2
1,0
1,1
1,2

P1
0,0
0,1
1,1
2,0
2,1

P2
0,0
0,1
0,2
1,0
2,0

P2
0,0
1,0
2,0
2,1
2,2

P2
0,2
1,2
2,0
2,1
2,2

P2
0,0
0,1
0,2
1,2
2,2

P3
0,0
1,0
1,1
2,0
2,1

P3
0,0
0,1
0,2
1,0
1,1

P3
0,0
0,1
1,0
1,1
2,1

P3
0,1
0,2
1,0
1,1
1,2

P3
0,1
1,0
1,1
2,0
2,1

P3
0,0
0,1
1,0
1,1
1,2

P3
0,0
0,1
1,0
1,1
2,0

P3
0,0
0,1
0,2
1,1
1,2

P4
0,0
1,0
1,1
1,2
1,3

P4
0,0
0,1
1,0
2,0
3,0

P4
0,0
0,1
0,2
0,3
1,3

P4
0,1
1,1
2,1
3,0
3,1

P4
0,0
0,1
0,2
0,3
1,0

P4
0,0
0,1
1,1
2,1
3,1

P4
0,3
1,0
1,1
1,2
1,3

P4
0,0
1,0
2,0
3,0
3,1

P5
0,2
0,3
1,0
1,1
1,2

P5
0,0
1,0
2,0
2,1
3,1

P5
0,1
0,2
0,3
1,0
1,1

P5
0,0
1,0
1,1
2,1
3,1

P5
0,0
0,1
0,2
1,2
1,3

P5
0,1
1,1
2,0
2,1
3,0

P5
0,0
0,1
1,1
1,2
1,3

P5
0,1
1,0
1,1
2,0
3,0

P6
0,2
1,0
1,1
1,2
1,3

P6
0,0
1,0
2,0
2,1
3,0

P6
0,0
0,1
0,2
0,3
1,1

P6
0,1
1,0
1,1
2,1
3,1

P6
0,0
0,1
0,2
0,3
1,2

P6
0,1
1,1
2,0
2,1
3,1

P6
0,1
1,0
1,1
1,2
1,3

P6
0,0
1,0
1,1
2,0
3,0

P7
0,0
0,1
1,1
2,1
2,2

P7
0,2
1,0
1,1
1,2
2,0

P7
0,1
0,2
1,1
2,0
2,1

P7
0,0
1,0
1,1
1,2
2,2